一、初始估计值取重心
      _cc                       fx                               dfx                                du
第一次：dm=5.345
0.062500000000000000    0.32479746354072941      32.569504499956054    32.222267499955542    0.015382201408321888
0.041666666666695086    0.31031331770741677      31.875030499955976    32.917506499955479    -0.0054680575923803099

0.047117798591678112    4.4408920985006262e-016  32.569504499956054    32.222267499955542    -1.5206269889675811e-016
0.047134724259075396    6.6613381477509392e-016  31.875030499955976    32.917506499955479    1.6748343256261947e-016

第二次：dm=9.377822
0.062499999999981050    -0.086869015625337082    1.0417109999854688    -1.0428585000147308   -0.047470785143284490
0.14583333333332385     -0.36099587499971608     32.222267499970350    32.569886999970635    0.035880396586020359

0.10997078514326554    -4.4408920985006262e-016  1.0417109999854688    -1.0428585000147308   -2.1760894369636250e-016
0.10995293674730350    -2.2204460492503131e-016  32.222267499970350    32.569886999970635    2.0846891452989290e-016

第三次：dm=7.9434
0.062499999999981050   -0.086869015625337082     1.0417109999854688    1.0428585000147308    -0.047470785143284490
0.14583333333332385    -0.36099587499971608      32.222267499970350    32.569886999970635    0.035880396586020359

0.10997078514326554    -4.4408920985006262e-016  1.0417109999854688    -1.0428585000147308   -2.1760894369636250e-016
0.10995293674730350    -2.2204460492503131e-016  32.222267499970350    32.569886999970635    2.0846891452989290e-016

第四次：dm=6.544
0.062499999999981050   -0.086869015625337082     1.0417109999854688    -1.0428585000147308   -0.047470785143284490
0.14583333333332385    -0.36099587499971608      32.222267499970350    32.569886999970635    0.035880396586020359

0.10997078514326554    -4.4408920985006262e-016  1.0417109999854688    -1.0428585000147308   -2.1760894369636250e-016
0.10995293674730350    -2.2204460492503131e-016  32.222267499970350    32.569886999970635    2.0846891452989290e-016

第五次：dm=5.208
0.062499999999981050   -0.086869015625337082     1.0417109999854688    -1.0428585000147308   -0.047470785143284490
0.14583333333332385    -0.36099587499971608      32.222267499970350    32.569886999970635    0.035880396586020359

0.10997078514326554    -4.4408920985006262e-016  1.0417109999854688    -1.0428585000147308   -2.1760894369636250e-016
0.10995293674730350    -2.2204460492503131e-016  32.222267499970350    32.569886999970635    2.0846891452989290e-016

第六次：dm=5.575
0.079166666294137641   0.014477770016370406      12.611117350426909    13.306050353015095    -0.056610518157316644
0.058333333581680337   0.045925534820410230      5.9583215512954339    7.0006445590601771    0.054741988677482478

0.13577718445145429    -8.3266726846886741e-016  12.611117350426909    13.306050353015095    6.3436357270482040e-016
0.0035913449041978587  -8.6736173798840355e-016  5.9583215512954339    7.0006445590601771    -6.6381085989833020e-016


第七次：dm=4.284
0.012499999720603228   -0.32396220755930738      25.569471948704457    26.264481440939715    0.37692253250961005
0.13750000018626263    -0.11605516712306323      -6.6527955512955153   -6.3054055590602367   -0.37928303864666013

不在参数区域内了
-0.36442253278900683   6.6613381477509392e-016   25.569471948704457    26.264481440939715    -4.1970840113866621e-015
0.51678303883292276    1.9984014443252818e-015   -6.6527955512955153   -6.3054055590602367   4.1113835029677558e-015

第八次：dm=3.870827

第九次：dm=4.77567

第十次：dm=3.963

第十一次：dm=4.2159

第十二次：dm=4.0474

第十三次：dm=3.5715

第十三次：dm=3.8
